16.239999771118164
16.3149995803833
16.383333206176758
16.380000114440918
16.413999938964842
16.49833329518636
16.694285801478795
16.90875005722046
17.041111204359268
17.2310001373291
17.245454614812676
17.296666781107586
17.316923141479492
17.35142857687814
17.371999994913736
17.412500023841858
17.446470597211054
17.437777837117512
17.464210610640677
17.502000045776366
17.536666688464937
17.559545516967773
17.544782638549805
17.587083339691162
17.63080001831055
17.663076914273777
17.728888900191695
17.777500016348704
17.828103492999897
17.86216672261556
17.88500004429971
17.905781269073486
17.910757585005328
17.930735307581283
17.95185715811593
17.936249997880722
17.925810788128828
17.926447366413317
17.90346155411158
17.8803750038147
17.855975593008647
17.83416666303362
17.80383722172227
17.766931837255303
17.721222241719563
17.692608729652736
17.66319151127592
17.63187501827876
17.600612270588776
17.566800022125243
17.52784315745036
17.4951923260322
17.46981133155103
17.440925933696604
17.42290911241011
17.429464323180063
17.448421093455533
17.44844832913629
17.445254293538756
17.44350005785624
17.449180399785277
17.456290383492746
17.460158802214124
17.46843756735325
17.47400006514329
17.476818243662517
17.482985126438425
17.482500062269324
17.47956528870956
17.47657150541033
17.47436626864151
17.466388954056633
17.46684937934353
17.466891946019352
17.471866722106935
17.49131585422315
17.523766294702305
17.554230824494972
17.58379751519312
17.612000048160553
17.62716054327694
17.641219569415583
17.656144624733063
17.66523814201355
17.671294167462516
17.671395401621975
17.671609253718934
17.667159156365827
17.660449499494575
17.653777832455106
17.64406599317278
17.637717443963755
17.63032264094199
17.62191495489567
17.619157961795203
17.61260423064232
17.60865985241133
17.602040864983383
17.590202071449973
17.569800052642822
17.556336676720345
17.547549060746736
17.535339855453344
17.52355773632343
17.51523813520159
17.509717023597574
17.507663602026824
17.502870418407298
17.498532163987466
17.487272782759234
17.474324372437625
17.463928614343917
17.451946950591772
17.438508820115473
17.427913085274074
17.418448316639868
17.411880379049187
17.398050882048526
17.394369774505872
17.39391669432322
17.39123969432736
17.395819703086477
17.397317103254117
17.41040325933887
17.423840034484865
17.443254009125724
17.45740161355086
17.471171908080578
17.47875972866088
17.489461583357592
17.499084014018983
17.511287927627563
17.520451172850187
17.5301492961485
17.527703751458063
17.52198534152087
17.516204423277916
17.512101498203002
17.507985663928572
17.5025000504085
17.493333376891226
17.479366242046087
17.458811233093687
17.440555599000717
17.42103452353642
17.405993193796235
17.39425174557433
17.37429058229601
17.356879234313965
17.345233370463053
17.33241725441636
17.327532931378013
17.32362748439016
17.334188349835284
17.34996778426632
17.365929530217098
17.38837583505424
17.40965193736402
17.43971702287782
17.470281291007996
17.500155324521273
17.534166712819793
17.568006176158693
17.59905491805658
17.63857580242735
17.680994022323425
17.72637729302138
17.764791715712775
17.78849117572491
17.81108828151927
17.838216424685474
17.85869191413702
17.886502943976076
17.915258670675343
17.949000047956194
17.96696027842435
17.98313564365193
18.011095550622834
18.042597807985445
18.082638931274413
18.113066341336918
18.142829716860593
18.181557420824394
18.224429389704827
18.268891937668258
18.31228499258718
18.3510428239955
18.39071812528245
18.426428608162695
18.43844740014327
18.44924086925247
18.459401071071625
18.45803111575428
18.450360848731602
18.44266669444549
18.433724520157796
18.426395968132212
18.420303055734344
18.41180906822933
18.404750022888184